6
50
0 SAO PAULO
1 GUARULHOS
2 SANTO ANDRE
3 OSASCO
4 SAO BERNARDO DO CAMPO
5 CAMPINAS
6 SAO JOSE DOS CAMPOS
7 RIBEIRAO PRETO
8 SAO JOSE DO RIO PRETO
9 MOGI DAS CRUZES
10 RIO DE JANEIRO
11 DUQUE DE CAXIAS
12 NOVA IGUACU
13 SAO GONCALO
14 CAMPOS DOS GOYTACAZES 
15 BELFORD ROXO
16 NITEROI
17 BRASILIA
18 FORTALEZA
19 SALVADOR
20 FEIRA DE SANTANA
21 BELO HORIZONTE
22 UBERLANDIA
23 CONTAGEM 
24 JUIZ DE FORA
25 MANAUS
26 CURITIBA
27 LONDRINA
28 RECIFE
29 JABOATAO DOS GUARARAPES
30 GOIANIA
31 APARECIDA DE GOIANIA
32 PORTO ALEGRE 
33 CAXIAS DO SUL
34 BELEM
35 ANANINDEUA
36 SAO LUIS
37 MACEIO
38 CAMPO GRANDE 
39 TERESINA
40 JOAO PESSOA 
41 CUIABA
42 ARACAJU
43 FLORIANOPOLIS
44 JOINVILLE
45 VITORIA
46 VILA VELHA
47 SERRA
48 PORTO VELHO
49 NATAL
527
0 1 14
0 2 22 
0 3 15
0 4 22
0 5 99
0 6 86 
0 7 315
0 8 445
0 9 61
0 10 435
0 17 1005
0 18 3088
0 19 1911
0 21 592
0 25 3873
0 26 416
0 28 2680
0 30 900
0 32 1132
0 34 2867
0 36 2097
0 37 2441
0 38 982
0 39 2661
0 40 2788
0 41 1525
0 42 2186
0 43 697
0 45 938
0 48 2992
0 49 2926
10 11 16
10 12 40
10 13 25
10 14 275
10 15 28
10 16 15
10 0 435
10 17 1148
10 18 2581
10 19 1631
10 21 441
10 25 4274
10 26 855
10 28 2319
10 30 1301
10 32 1571
10 34 3178
10 36 2853
10 37 2080
10 38 406
10 39 2463
10 40 2428
10 41 1926
10 42 1826
10 43 1136
10 45 517
10 48 3395
10 49 2599
17 0 1015
17 10 1148
17 18 2285
17 19 1531
17 21 716
17 25 3490
17 26 1386
17 28 2220
17 30 209
17 32 2027
17 34 2140
17 36 1993
17 37 2013
17 38 1134
17 39 1789
17 40 2230
17 41 1133
17 42 1748
17 43 1672
17 45 1238
17 48 2522
17 49 2410
18 19 1182
18 0 3088
18 10 2580
18 17 2285
18 21 2360
18 25 4209
18 26 3484
18 28 787
18 30 2319
18 32 4200
18 34 1510
18 36 908
18 37 959
18 38 3158
18 39 599
18 40 682
18 41 3136
18 42 1111
18 43 3765
18 45 2152
18 49 517
19 20 108
19 0 1991
19 10 1631
19 17 1531
19 18 1182
19 21 1394
19 25 4846
19 26 2381
19 28 8467
19 30 1646
19 32 3097
19 34 2066
19 36 1593
19 37 578
19 38 2486
19 39 1163
19 40 960
19 41 2504
19 42 324
19 43 2662
19 45 1173
19 49 1129
21 0 592
21 10 441
21 17 716
21 18 2360
21 19 1394
21 22 537
21 23 21
21 24 233
21 25 3918
21 26 1004
21 28 2038
21 30 886
21 32 1720
21 34 2746
21 36 2421
21 37 1799
21 38 1261
21 39 2030
21 40 2147
21 41 1570
21 42 1545
21 43 1285
21 45 514
21 49 2314
25 0 3873
25 10 4274
25 17 3490
25 18 4209
25 19 4846
25 21 3918
25 26 4022
25 28 4614
25 30 3235
25 32 4476 
25 34 3063
25 36 3540
25 37 4679
25 38 3054
25 39 3567
25 40 4657
25 41 2348
25 42 4564
25 43 4623
25 45 4434
25 48 889
26 27 381
26 0 416
26 10 855
26 17 1004
26 18 3485
26 19 2382
26 21 1004
26 25 4022
26 28 3092
26 30 1286
26 32 742
26 34 3254
26 36 3294
26 37 2853
26 38 975
26 39 3048
26 40 3201
26 41 1670
26 42 2600
26 43 307
26 45 1350
26 48 3130
26 49 3333
28 29 18
28 0 2680
28 10 2319
28 17 2220
28 18 787
28 19 847
28 21 2038
28 25 4614
28 26 3092
28 30 2332
28 32 3783 
28 34 2037
28 36 1684
28 37 257
28 38 3171
28 39 1134
28 40 122
28 41 3190
28 42 540
28 43 3348
28 45 1887
28 48 4122
28 49 287
30 31 20
30 0 900
30 10 1301
30 17 209
30 18 2319
30 19 1646
30 21 886
30 25 3235
30 26 1286
30 28 2332
30 32 2039 
30 34 1967
30 36 2009
30 37 2095
30 38 840
30 39 1891
30 40 2442
30 41 888
30 42 1840
30 43 1603
30 45 1396
30 48 2346
30 49 2612
32 33 127
32 0 1132
32 10 1571
32 17 2027
32 18 4200
32 19 3097
32 21 1720
32 25 4476
32 26 742
32 28 3783
32 30 2039 
32 34 3976
32 36 4016
32 37 3576
32 38 1425
32 39 3770
32 40 3923
32 41 2126
32 42 3321
32 43 463
32 45 2073
32 48 3587
32 49 4049
34 0 2867
34 10 3178
34 17 2140
34 18 1510
34 19 2066
34 21 2746
34 25 3063
34 26 3253
34 28 2037
34 30 1969
34 32 3976
34 35 17
34 36 576
34 37 2099
34 38 2831
34 39 914
34 40 2095
34 41 2645
34 42 2025
34 43 3593
34 45 3254
34 49 1952
36 0 2907
36 10 2853
36 17 1993
36 18 909
36 19 1593
36 21 2421
36 25 3540
36 26 3294
36 28 1684
36 30 2009
36 32 4016
36 34 576
36 37 1631
36 38 2872
36 39 439
36 40 1574
36 41 2685
36 42 1551
36 43 3633
36 45 2607
36 48 3047
36 49 1424
37 0 2441
37 10 2080
37 17 2013
37 18 959
37 19 578
37 21 1799
37 25 4679
37 26 2853
37 28 257
37 30 2095
37 32 3576
37 34 2099
37 36 1631
37 38 2933
37 39 1200
37 40 370
37 41 2952
37 42 272
37 43 3109
37 45 1619
37 48 4416
37 49 541
38 0 982
38 10 406
38 17 1134
38 18 3158
38 19 2486
38 21 1261
38 25 3054
38 26 975
38 28 3171
38 30 840
38 32 1425
38 34 2831
38 36 2872
38 37 2933
38 39 2730
38 40 3281
38 41 704
38 42 2679
38 43 1282
38 45 1916
38 48 2165
38 49 3451
39 0 2661
39 10 2463
39 17 1789
39 18 599
39 19 1163
39 21 2030
39 25 3567
39 26 3048
39 28 1134
39 30 1134
39 32 3770
39 34 914
39 36 439
39 37 1200
39 38 2730
39 40 1154
39 41 2549
39 42 1123
39 43 3332
39 45 2192
39 48 3085
39 49 1042
40 0 2788
40 10 2428
40 17 2230
40 18 682
40 19 960
40 21 2147
40 25 4657
40 26 3201
40 28 122
40 30 2442
40 32 3923
40 34 2095
40 36 978
40 37 370
40 38 3281
40 39 2730
40 41 704
40 42 2679
40 43 1283
40 45 1916
40 48 4183
40 49 181
41 0 1525
41 10 1926
41 17 1133
41 18 3136
41 19 2504
41 21 1570
41 25 2348
41 26 1670
41 28 3190
41 30 888
41 32 2127
41 34 2645
41 36 2685
41 37 2952
41 38 704
41 39 2549
41 40 704
41 42 2698
41 43 1979
41 45 2087
41 48 1460
41 49 3470
42 0 2186
42 10 1826
42 17 1748
42 18 1111
42 19 324
42 21 1545
42 25 4564
42 26 2599
42 28 540
42 30 1840
42 32 3321
42 34 2025
42 36 1551
42 37 272
42 38 2679
42 39 1123
42 40 2679
42 41 2698
42 43 2865
42 45 1366
42 48 4161
42 49 781
43 0 697
43 10 1136
43 17 1672
43 18 3765
43 19 2662
43 21 1285
43 25 4623
43 26 307
43 28 3348
43 30 1603
43 32 463
43 34 3539
43 36 3633
43 37 3109
43 38 1282
43 39 3332
43 40 1283
43 41 1979
43 42 2856
43 44 180
43 45 1637
43 48 3437
43 49 3614
45 0 938
45 10 517
45 17 1238
45 18 2152
45 19 1173
45 21 514
45 25 4434
45 26 1350
45 28 1887
45 30 1396
45 32 2073
45 34 3254
45 36 2607
45 37 1619
45 38 1916
45 39 2192
45 40 1916
45 41 2087
45 42 1366
45 43 1637
45 46 12
45 47 27
45 48 3545
45 49 2171
48 0 2992
48 10 3395
48 17 2522
48 18 3681
48 19 3967
48 21 3041
48 25 889
48 26 3133
48 28 4122
48 30 2346
48 32 3587
48 34 2714
48 36 3047
48 37 4416
48 38 2165
48 39 3085
48 40 4183
48 41 1460
48 42 4161
48 43 3437
48 45 3545
48 49 4174
49 0 2926
49 10 2599
49 17 2410
49 18 517
49 19 1129
49 21 2314
49 25 4650
49 26 3334
49 28 287
49 30 2612
49 32 4049
49 34 1952
49 36 1424
49 37 541
49 38 3451
49 39 1042
49 40 181
49 41 3470
49 42 781
49 43 3614
49 45 2171
49 48 4174